30 5 2
   19
  6.25E+03   0.00E+00
  1.25E+04   0.00E+00
  3.12E+04   0.00E+00
  6.25E+04   0.00E+00
  1.25E+05   0.00E+00
  3.12E+05   0.00E+00
  6.25E+05   0.00E+00
  1.25E+06   7.31E-30
  3.12E+06   6.74E-19
  6.25E+06   1.85E-15
  1.25E+07   6.82E-14
  3.12E+07   3.32E-13
  6.25E+07   3.28E-13
  1.25E+08   1.96E-13
  3.12E+08   6.80E-14
  6.25E+08   2.67E-14
  1.25E+09   9.96E-15
  3.12E+09   2.60E-15
  6.25E+09   9.30E-16
   19
  6.25E+03   5.18E-10
  1.25E+04   3.22E-09
  3.12E+04   5.21E-09
  6.25E+04   4.36E-09
  1.25E+05   2.87E-09
  3.12E+05   1.17E-09
  6.25E+05   4.98E-10
  1.25E+06   1.94E-10
  3.12E+06   5.19E-11
  6.25E+06   1.87E-11
  1.25E+07   6.69E-12
  3.12E+07   1.70E-12
  6.25E+07   6.03E-13
  1.25E+08   2.13E-13
  3.12E+08   5.40E-14
  6.25E+08   1.91E-14
  1.25E+09   6.75E-15
  3.12E+09   1.71E-15
  6.25E+09   6.04E-16
